 Movielen Rank 10 
 omegaT_90_1 
NNCP: iterations = 372   difference=0.000010  time=2.528748
i=1  dims=[50 50 31] 

save_tmp =

    0.7426

i=2  dims=[60 60 31] 

save_tmp =

    0.7426    0.7468

i=3  dims=[70 70 31] 

save_tmp =

    0.7426    0.7468    0.7633

i=4  dims=[80 80 31] 

save_tmp =

    0.7426    0.7468    0.7633    0.7661

i=5  dims=[90 90 31] 
if system_dependent('IsDebugMode')==1, dbquit; end
