 Movielen Rank 5 
 omegaT_90_1 
NNCP: iterations = 415   difference=0.000010  time=2.434009
i=1  dims=[50 50 31] 

save_tmp =

    0.7262

i=2  dims=[60 60 31] 

save_tmp =

    0.7262    0.7407

i=3  dims=[70 70 31] 

save_tmp =

    0.7262    0.7407    0.7505

i=4  dims=[80 80 31] 

save_tmp =

    0.7262    0.7407    0.7505    0.7596

i=5  dims=[90 90 31] 

save_tmp =

    0.7262    0.7407    0.7505    0.7596    0.7593

i=6  dims=[100 100 31] 

save_tmp =

    0.7262    0.7407    0.7505    0.7596    0.7593    0.7454

i=7  dims=[110 110 31] 

save_tmp =

    0.7262    0.7407    0.7505    0.7596    0.7593    0.7454    0.7412

i=8  dims=[120 120 31] 

save_tmp =

    0.7262    0.7407    0.7505    0.7596    0.7593    0.7454    0.7412    0.8050

i=9  dims=[130 130 31] 

save_tmp =

    0.7262    0.7407    0.7505    0.7596    0.7593    0.7454    0.7412    0.8050    0.7087

i=10  dims=[140 140 31] 

save_tmp =

    0.7262    0.7407    0.7505    0.7596    0.7593    0.7454    0.7412    0.8050    0.7087    0.7635

i=11  dims=[150 150 31] 

save_tmp =

  Columns 1 through 10

    0.7262    0.7407    0.7505    0.7596    0.7593    0.7454    0.7412    0.8050    0.7087    0.7635

  Column 11

    0.7862

i=12  dims=[160 160 31] 

save_tmp =

  Columns 1 through 10

    0.7262    0.7407    0.7505    0.7596    0.7593    0.7454    0.7412    0.8050    0.7087    0.7635

  Columns 11 through 12

    0.7862    0.7533

i=13  dims=[170 170 31] 

save_tmp =

  Columns 1 through 10

    0.7262    0.7407    0.7505    0.7596    0.7593    0.7454    0.7412    0.8050    0.7087    0.7635

  Columns 11 through 13

    0.7862    0.7533    0.7820

i=14  dims=[180 180 31] 

save_tmp =

  Columns 1 through 10

    0.7262    0.7407    0.7505    0.7596    0.7593    0.7454    0.7412    0.8050    0.7087    0.7635

  Columns 11 through 14

    0.7862    0.7533    0.7820    0.7531

i=15  dims=[190 190 31] 

save_tmp =

  Columns 1 through 10

    0.7262    0.7407    0.7505    0.7596    0.7593    0.7454    0.7412    0.8050    0.7087    0.7635

  Columns 11 through 15

    0.7862    0.7533    0.7820    0.7531    0.7338

i=16  dims=[200 200 31] 

save_tmp =

  Columns 1 through 10

    0.7262    0.7407    0.7505    0.7596    0.7593    0.7454    0.7412    0.8050    0.7087    0.7635

  Columns 11 through 16

    0.7862    0.7533    0.7820    0.7531    0.7338    0.7486

i=17  dims=[210 210 31] 

save_tmp =

  Columns 1 through 10

    0.7262    0.7407    0.7505    0.7596    0.7593    0.7454    0.7412    0.8050    0.7087    0.7635

  Columns 11 through 17

    0.7862    0.7533    0.7820    0.7531    0.7338    0.7486    0.7934

i=18  dims=[220 220 31] 

save_tmp =

  Columns 1 through 10

    0.7262    0.7407    0.7505    0.7596    0.7593    0.7454    0.7412    0.8050    0.7087    0.7635

  Columns 11 through 18

    0.7862    0.7533    0.7820    0.7531    0.7338    0.7486    0.7934    0.7836

i=19  dims=[230 230 31] 

save_tmp =

  Columns 1 through 10

    0.7262    0.7407    0.7505    0.7596    0.7593    0.7454    0.7412    0.8050    0.7087    0.7635

  Columns 11 through 19

    0.7862    0.7533    0.7820    0.7531    0.7338    0.7486    0.7934    0.7836    0.7700

i=20  dims=[240 240 31] 

save_tmp =

  Columns 1 through 10

    0.7262    0.7407    0.7505    0.7596    0.7593    0.7454    0.7412    0.8050    0.7087    0.7635

  Columns 11 through 20

    0.7862    0.7533    0.7820    0.7531    0.7338    0.7486    0.7934    0.7836    0.7700    0.7500

i=21  dims=[250 250 31] 

save_tmp =

  Columns 1 through 10

    0.7262    0.7407    0.7505    0.7596    0.7593    0.7454    0.7412    0.8050    0.7087    0.7635

  Columns 11 through 20

    0.7862    0.7533    0.7820    0.7531    0.7338    0.7486    0.7934    0.7836    0.7700    0.7500

  Column 21

    0.7333

i=22  dims=[260 260 31] 

save_tmp =

  Columns 1 through 10

    0.7262    0.7407    0.7505    0.7596    0.7593    0.7454    0.7412    0.8050    0.7087    0.7635

  Columns 11 through 20

    0.7862    0.7533    0.7820    0.7531    0.7338    0.7486    0.7934    0.7836    0.7700    0.7500

  Columns 21 through 22

    0.7333    0.7368

i=23  dims=[270 270 31] 

save_tmp =

  Columns 1 through 10

    0.7262    0.7407    0.7505    0.7596    0.7593    0.7454    0.7412    0.8050    0.7087    0.7635

  Columns 11 through 20

    0.7862    0.7533    0.7820    0.7531    0.7338    0.7486    0.7934    0.7836    0.7700    0.7500

  Columns 21 through 23

    0.7333    0.7368    0.7492

i=24  dims=[280 280 31] 

save_tmp =

  Columns 1 through 10

    0.7262    0.7407    0.7505    0.7596    0.7593    0.7454    0.7412    0.8050    0.7087    0.7635

  Columns 11 through 20

    0.7862    0.7533    0.7820    0.7531    0.7338    0.7486    0.7934    0.7836    0.7700    0.7500

  Columns 21 through 24

    0.7333    0.7368    0.7492    0.7591

i=25  dims=[290 290 31] 

save_tmp =

  Columns 1 through 10

    0.7262    0.7407    0.7505    0.7596    0.7593    0.7454    0.7412    0.8050    0.7087    0.7635

  Columns 11 through 20

    0.7862    0.7533    0.7820    0.7531    0.7338    0.7486    0.7934    0.7836    0.7700    0.7500

  Columns 21 through 25

    0.7333    0.7368    0.7492    0.7591    0.7251

i=26  dims=[300 300 31] 

save_tmp =

  Columns 1 through 10

    0.7262    0.7407    0.7505    0.7596    0.7593    0.7454    0.7412    0.8050    0.7087    0.7635

  Columns 11 through 20

    0.7862    0.7533    0.7820    0.7531    0.7338    0.7486    0.7934    0.7836    0.7700    0.7500

  Columns 21 through 26

    0.7333    0.7368    0.7492    0.7591    0.7251    0.7334

i=27  dims=[310 310 31] 

save_tmp =

  Columns 1 through 10

    0.7262    0.7407    0.7505    0.7596    0.7593    0.7454    0.7412    0.8050    0.7087    0.7635

  Columns 11 through 20

    0.7862    0.7533    0.7820    0.7531    0.7338    0.7486    0.7934    0.7836    0.7700    0.7500

  Columns 21 through 27

    0.7333    0.7368    0.7492    0.7591    0.7251    0.7334    0.7032

i=28  dims=[320 320 31] 

save_tmp =

  Columns 1 through 10

    0.7262    0.7407    0.7505    0.7596    0.7593    0.7454    0.7412    0.8050    0.7087    0.7635

  Columns 11 through 20

    0.7862    0.7533    0.7820    0.7531    0.7338    0.7486    0.7934    0.7836    0.7700    0.7500

  Columns 21 through 28

    0.7333    0.7368    0.7492    0.7591    0.7251    0.7334    0.7032    0.7016

i=29  dims=[330 330 31] 

save_tmp =

  Columns 1 through 10

    0.7262    0.7407    0.7505    0.7596    0.7593    0.7454    0.7412    0.8050    0.7087    0.7635

  Columns 11 through 20

    0.7862    0.7533    0.7820    0.7531    0.7338    0.7486    0.7934    0.7836    0.7700    0.7500

  Columns 21 through 29

    0.7333    0.7368    0.7492    0.7591    0.7251    0.7334    0.7032    0.7016    0.6557

i=30  dims=[340 340 31] 

save_tmp =

  Columns 1 through 10

    0.7262    0.7407    0.7505    0.7596    0.7593    0.7454    0.7412    0.8050    0.7087    0.7635

  Columns 11 through 20

    0.7862    0.7533    0.7820    0.7531    0.7338    0.7486    0.7934    0.7836    0.7700    0.7500

  Columns 21 through 30

    0.7333    0.7368    0.7492    0.7591    0.7251    0.7334    0.7032    0.7016    0.6557    0.7120

i=31  dims=[350 350 31] 

save_tmp =

  Columns 1 through 10

    0.7262    0.7407    0.7505    0.7596    0.7593    0.7454    0.7412    0.8050    0.7087    0.7635

  Columns 11 through 20

    0.7862    0.7533    0.7820    0.7531    0.7338    0.7486    0.7934    0.7836    0.7700    0.7500

  Columns 21 through 30

    0.7333    0.7368    0.7492    0.7591    0.7251    0.7334    0.7032    0.7016    0.6557    0.7120

  Column 31

    0.7105

i=32  dims=[360 360 31] 

save_tmp =

  Columns 1 through 10

    0.7262    0.7407    0.7505    0.7596    0.7593    0.7454    0.7412    0.8050    0.7087    0.7635

  Columns 11 through 20

    0.7862    0.7533    0.7820    0.7531    0.7338    0.7486    0.7934    0.7836    0.7700    0.7500

